jobID serviceID
1 1001
2 1001
3 1001
4 1001
5 1001
6 1001
7 1001
8 1001
9 1001
10 1001
11 1001
12 1001
13 1001
14 1001
15 1001
16 1001
17 1001
18 1001
19 1001
20 1001
21 1001
22 1001
23 1001
24 1001
25 1001
26 1001
27 1001
28 1001
29 1001
30 1001
31 1001
32 1001
33 1001
34 1001
35 1001
36 1001
37 1001
38 1001
39 1001
40 1001
41 1001
42 1001
43 1001
44 1001
45 1001
46 1001
47 1001
48 1001
49 1001
50 1001
51 1001
52 1001
53 1001
54 1001
55 1001
56 1001
57 1001
58 1001
59 1001
60 1001
61 1001
62 1001
63 1001
64 1001
65 1001
66 1001
67 1001
68 1001
69 1001
70 1001
71 1001
72 1001
73 1001
74 1001
75 1001
76 1001
77 1001
78 1001
79 1001
80 1001
81 1001
82 1001
83 1001
84 1001
85 1001
86 1001
87 1001
88 1001
89 1001
90 1001
91 1001
92 1001
93 1001
94 1001
95 1001
96 1001
97 1001
98 1001
99 1001
100 1001
1 1002
2 1002
3 1002
4 1002
5 1002
6 1002
7 1002
8 1002
9 1002
10 1002
11 1002
12 1002
13 1002
14 1002
15 1002
16 1002
17 1002
18 1002
19 1002
20 1002
21 1002
22 1002
23 1002
24 1002
25 1002
26 1002
27 1002
28 1002
29 1002
30 1002
31 1002
32 1002
33 1002
34 1002
35 1002
36 1002
37 1002
38 1002
39 1002
40 1002
41 1002
42 1002
43 1002
44 1002
45 1002
46 1002
47 1002
48 1002
49 1002
50 1002
51 1002
52 1002
53 1002
54 1002
55 1002
56 1002
57 1002
58 1002
59 1002
60 1002
61 1002
62 1002
63 1002
64 1002
65 1002
66 1002
67 1002
68 1002
69 1002
70 1002
71 1002
72 1002
73 1002
74 1002
75 1002
76 1002
77 1002
78 1002
79 1002
80 1002
81 1002
82 1002
83 1002
84 1002
85 1002
86 1002
87 1002
88 1002
89 1002
90 1002
91 1002
92 1002
93 1002
94 1002
95 1002
96 1002
97 1002
98 1002
99 1002
100 1002
1 1003
2 1003
3 1003
4 1003
5 1003
6 1003
7 1003
8 1003
9 1003
10 1003
11 1003
12 1003
13 1003
14 1003
15 1003
16 1003
17 1003
18 1003
19 1003
20 1003
21 1003
22 1003
23 1003
24 1003
25 1003
26 1003
27 1003
28 1003
29 1003
30 1003
31 1003
32 1003
33 1003
34 1003
35 1003
36 1003
37 1003
38 1003
39 1003
40 1003
41 1003
42 1003
43 1003
44 1003
45 1003
46 1003
47 1003
48 1003
49 1003
50 1003
51 1003
52 1003
53 1003
54 1003
55 1003
56 1003
57 1003
58 1003
59 1003
60 1003
61 1003
62 1003
63 1003
64 1003
65 1003
66 1003
67 1003
68 1003
69 1003
70 1003
71 1003
72 1003
73 1003
74 1003
75 1003
76 1003
77 1003
78 1003
79 1003
80 1003
81 1003
82 1003
83 1003
84 1003
85 1003
86 1003
87 1003
88 1003
89 1003
90 1003
91 1003
92 1003
93 1003
94 1003
95 1003
96 1003
97 1003
98 1003
99 1003
100 1003
1 1004
2 1004
3 1004
4 1004
5 1004
6 1004
7 1004
8 1004
9 1004
10 1004
11 1004
12 1004
13 1004
14 1004
15 1004
16 1004
17 1004
18 1004
19 1004
20 1004
21 1004
22 1004
23 1004
24 1004
25 1004
26 1004
27 1004
28 1004
29 1004
30 1004
31 1004
32 1004
33 1004
34 1004
35 1004
36 1004
37 1004
38 1004
39 1004
40 1004
41 1004
42 1004
43 1004
44 1004
45 1004
46 1004
47 1004
48 1004
49 1004
50 1004
51 1004
52 1004
53 1004
54 1004
55 1004
56 1004
57 1004
58 1004
59 1004
60 1004
61 1004
62 1004
63 1004
64 1004
65 1004
66 1004
67 1004
68 1004
69 1004
70 1004
71 1004
72 1004
73 1004
74 1004
75 1004
76 1004
77 1004
78 1004
79 1004
80 1004
81 1004
82 1004
83 1004
84 1004
85 1004
86 1004
87 1004
88 1004
89 1004
90 1004
91 1004
92 1004
93 1004
94 1004
95 1004
96 1004
97 1004
98 1004
99 1004
100 1004
1 1005
2 1005
3 1005
4 1005
5 1005
6 1005
7 1005
8 1005
9 1005
10 1005
11 1005
12 1005
13 1005
14 1005
15 1005
16 1005
17 1005
18 1005
19 1005
20 1005
21 1005
22 1005
23 1005
24 1005
25 1005
26 1005
27 1005
28 1005
29 1005
30 1005
31 1005
32 1005
33 1005
34 1005
35 1005
36 1005
37 1005
38 1005
39 1005
40 1005
41 1005
42 1005
43 1005
44 1005
45 1005
46 1005
47 1005
48 1005
49 1005
50 1005
51 1005
52 1005
53 1005
54 1005
55 1005
56 1005
57 1005
58 1005
59 1005
60 1005
61 1005
62 1005
63 1005
64 1005
65 1005
66 1005
67 1005
68 1005
69 1005
70 1005
71 1005
72 1005
73 1005
74 1005
75 1005
76 1005
77 1005
78 1005
79 1005
80 1005
81 1005
82 1005
83 1005
84 1005
85 1005
86 1005
87 1005
88 1005
89 1005
90 1005
91 1005
92 1005
93 1005
94 1005
95 1005
96 1005
97 1005
98 1005
99 1005
100 1005
1 1006
2 1006
3 1006
4 1006
5 1006
6 1006
7 1006
8 1006
9 1006
10 1006
11 1006
12 1006
13 1006
14 1006
15 1006
16 1006
17 1006
18 1006
19 1006
20 1006
21 1006
22 1006
23 1006
24 1006
25 1006
26 1006
27 1006
28 1006
29 1006
30 1006
31 1006
32 1006
33 1006
34 1006
35 1006
36 1006
37 1006
38 1006
39 1006
40 1006
41 1006
42 1006
43 1006
44 1006
45 1006
46 1006
47 1006
48 1006
49 1006
50 1006
51 1006
52 1006
53 1006
54 1006
55 1006
56 1006
57 1006
58 1006
59 1006
60 1006
61 1006
62 1006
63 1006
64 1006
65 1006
66 1006
67 1006
68 1006
69 1006
70 1006
71 1006
72 1006
73 1006
74 1006
75 1006
76 1006
77 1006
78 1006
79 1006
80 1006
81 1006
82 1006
83 1006
84 1006
85 1006
86 1006
87 1006
88 1006
89 1006
90 1006
91 1006
92 1006
93 1006
94 1006
95 1006
96 1006
97 1006
98 1006
99 1006
100 1006
1 1007
2 1007
3 1007
4 1007
5 1007
6 1007
7 1007
8 1007
9 1007
10 1007
11 1007
12 1007
13 1007
14 1007
15 1007
16 1007
17 1007
18 1007
19 1007
20 1007
21 1007
22 1007
23 1007
24 1007
25 1007
26 1007
27 1007
28 1007
29 1007
30 1007
31 1007
32 1007
33 1007
34 1007
35 1007
36 1007
37 1007
38 1007
39 1007
40 1007
41 1007
42 1007
43 1007
44 1007
45 1007
46 1007
47 1007
48 1007
49 1007
50 1007
51 1007
52 1007
53 1007
54 1007
55 1007
56 1007
57 1007
58 1007
59 1007
60 1007
61 1007
62 1007
63 1007
64 1007
65 1007
66 1007
67 1007
68 1007
69 1007
70 1007
71 1007
72 1007
73 1007
74 1007
75 1007
76 1007
77 1007
78 1007
79 1007
80 1007
81 1007
82 1007
83 1007
84 1007
85 1007
86 1007
87 1007
88 1007
89 1007
90 1007
91 1007
92 1007
93 1007
94 1007
95 1007
96 1007
97 1007
98 1007
99 1007
100 1007
1 1008
2 1008
3 1008
4 1008
5 1008
6 1008
7 1008
8 1008
9 1008
10 1008
11 1008
12 1008
13 1008
14 1008
15 1008
16 1008
17 1008
18 1008
19 1008
20 1008
21 1008
22 1008
23 1008
24 1008
25 1008
26 1008
27 1008
28 1008
29 1008
30 1008
31 1008
32 1008
33 1008
34 1008
35 1008
36 1008
37 1008
38 1008
39 1008
40 1008
41 1008
42 1008
43 1008
44 1008
45 1008
46 1008
47 1008
48 1008
49 1008
50 1008
51 1008
52 1008
53 1008
54 1008
55 1008
56 1008
57 1008
58 1008
59 1008
60 1008
61 1008
62 1008
63 1008
64 1008
65 1008
66 1008
67 1008
68 1008
69 1008
70 1008
71 1008
72 1008
73 1008
74 1008
75 1008
76 1008
77 1008
78 1008
79 1008
80 1008
81 1008
82 1008
83 1008
84 1008
85 1008
86 1008
87 1008
88 1008
89 1008
90 1008
91 1008
92 1008
93 1008
94 1008
95 1008
96 1008
97 1008
98 1008
99 1008
100 1008
1 1009
2 1009
3 1009
4 1009
5 1009
6 1009
7 1009
8 1009
9 1009
10 1009
11 1009
12 1009
13 1009
14 1009
15 1009
16 1009
17 1009
18 1009
19 1009
20 1009
21 1009
22 1009
23 1009
24 1009
25 1009
26 1009
27 1009
28 1009
29 1009
30 1009
31 1009
32 1009
33 1009
34 1009
35 1009
36 1009
37 1009
38 1009
39 1009
40 1009
41 1009
42 1009
43 1009
44 1009
45 1009
46 1009
47 1009
48 1009
49 1009
50 1009
51 1009
52 1009
53 1009
54 1009
55 1009
56 1009
57 1009
58 1009
59 1009
60 1009
61 1009
62 1009
63 1009
64 1009
65 1009
66 1009
67 1009
68 1009
69 1009
70 1009
71 1009
72 1009
73 1009
74 1009
75 1009
76 1009
77 1009
78 1009
79 1009
80 1009
81 1009
82 1009
83 1009
84 1009
85 1009
86 1009
87 1009
88 1009
89 1009
90 1009
91 1009
92 1009
93 1009
94 1009
95 1009
96 1009
97 1009
98 1009
99 1009
100 1009
1 1010
2 1010
3 1010
4 1010
5 1010
6 1010
7 1010
8 1010
9 1010
10 1010
11 1010
12 1010
13 1010
14 1010
15 1010
16 1010
17 1010
18 1010
19 1010
20 1010
21 1010
22 1010
23 1010
24 1010
25 1010
26 1010
27 1010
28 1010
29 1010
30 1010
31 1010
32 1010
33 1010
34 1010
35 1010
36 1010
37 1010
38 1010
39 1010
40 1010
41 1010
42 1010
43 1010
44 1010
45 1010
46 1010
47 1010
48 1010
49 1010
50 1010
51 1010
52 1010
53 1010
54 1010
55 1010
56 1010
57 1010
58 1010
59 1010
60 1010
61 1010
62 1010
63 1010
64 1010
65 1010
66 1010
67 1010
68 1010
69 1010
70 1010
71 1010
72 1010
73 1010
74 1010
75 1010
76 1010
77 1010
78 1010
79 1010
80 1010
81 1010
82 1010
83 1010
84 1010
85 1010
86 1010
87 1010
88 1010
89 1010
90 1010
91 1010
92 1010
93 1010
94 1010
95 1010
96 1010
97 1010
98 1010
99 1010
100 1010
1 1011
2 1011
3 1011
4 1011
5 1011
6 1011
7 1011
8 1011
9 1011
10 1011
11 1011
12 1011
13 1011
14 1011
15 1011
16 1011
17 1011
18 1011
19 1011
20 1011
21 1011
22 1011
23 1011
24 1011
25 1011
26 1011
27 1011
28 1011
29 1011
30 1011
31 1011
32 1011
33 1011
34 1011
35 1011
36 1011
37 1011
38 1011
39 1011
40 1011
41 1011
42 1011
43 1011
44 1011
45 1011
46 1011
47 1011
48 1011
49 1011
50 1011
51 1011
52 1011
53 1011
54 1011
55 1011
56 1011
57 1011
58 1011
59 1011
60 1011
61 1011
62 1011
63 1011
64 1011
65 1011
66 1011
67 1011
68 1011
69 1011
70 1011
71 1011
72 1011
73 1011
74 1011
75 1011
76 1011
77 1011
78 1011
79 1011
80 1011
81 1011
82 1011
83 1011
84 1011
85 1011
86 1011
87 1011
88 1011
89 1011
90 1011
91 1011
92 1011
93 1011
94 1011
95 1011
96 1011
97 1011
98 1011
99 1011
100 1011
1 1012
2 1012
3 1012
4 1012
5 1012
6 1012
7 1012
8 1012
9 1012
10 1012
11 1012
12 1012
13 1012
14 1012
15 1012
16 1012
17 1012
18 1012
19 1012
20 1012
21 1012
22 1012
23 1012
24 1012
25 1012
26 1012
27 1012
28 1012
29 1012
30 1012
31 1012
32 1012
33 1012
34 1012
35 1012
36 1012
37 1012
38 1012
39 1012
40 1012
41 1012
42 1012
43 1012
44 1012
45 1012
46 1012
47 1012
48 1012
49 1012
50 1012
51 1012
52 1012
53 1012
54 1012
55 1012
56 1012
57 1012
58 1012
59 1012
60 1012
61 1012
62 1012
63 1012
64 1012
65 1012
66 1012
67 1012
68 1012
69 1012
70 1012
71 1012
72 1012
73 1012
74 1012
75 1012
76 1012
77 1012
78 1012
79 1012
80 1012
81 1012
82 1012
83 1012
84 1012
85 1012
86 1012
87 1012
88 1012
89 1012
90 1012
91 1012
92 1012
93 1012
94 1012
95 1012
96 1012
97 1012
98 1012
99 1012
100 1012
1 1013
2 1013
3 1013
4 1013
5 1013
6 1013
7 1013
8 1013
9 1013
10 1013
11 1013
12 1013
13 1013
14 1013
15 1013
16 1013
17 1013
18 1013
19 1013
20 1013
21 1013
22 1013
23 1013
24 1013
25 1013
26 1013
27 1013
28 1013
29 1013
30 1013
31 1013
32 1013
33 1013
34 1013
35 1013
36 1013
37 1013
38 1013
39 1013
40 1013
41 1013
42 1013
43 1013
44 1013
45 1013
46 1013
47 1013
48 1013
49 1013
50 1013
51 1013
52 1013
53 1013
54 1013
55 1013
56 1013
57 1013
58 1013
59 1013
60 1013
61 1013
62 1013
63 1013
64 1013
65 1013
66 1013
67 1013
68 1013
69 1013
70 1013
71 1013
72 1013
73 1013
74 1013
75 1013
76 1013
77 1013
78 1013
79 1013
80 1013
81 1013
82 1013
83 1013
84 1013
85 1013
86 1013
87 1013
88 1013
89 1013
90 1013
91 1013
92 1013
93 1013
94 1013
95 1013
96 1013
97 1013
98 1013
99 1013
100 1013
1 1014
2 1014
3 1014
4 1014
5 1014
6 1014
7 1014
8 1014
9 1014
10 1014
11 1014
12 1014
13 1014
14 1014
15 1014
16 1014
17 1014
18 1014
19 1014
20 1014
21 1014
22 1014
23 1014
24 1014
25 1014
26 1014
27 1014
28 1014
29 1014
30 1014
31 1014
32 1014
33 1014
34 1014
35 1014
36 1014
37 1014
38 1014
39 1014
40 1014
41 1014
42 1014
43 1014
44 1014
45 1014
46 1014
47 1014
48 1014
49 1014
50 1014
51 1014
52 1014
53 1014
54 1014
55 1014
56 1014
57 1014
58 1014
59 1014
60 1014
61 1014
62 1014
63 1014
64 1014
65 1014
66 1014
67 1014
68 1014
69 1014
70 1014
71 1014
72 1014
73 1014
74 1014
75 1014
76 1014
77 1014
78 1014
79 1014
80 1014
81 1014
82 1014
83 1014
84 1014
85 1014
86 1014
87 1014
88 1014
89 1014
90 1014
91 1014
92 1014
93 1014
94 1014
95 1014
96 1014
97 1014
98 1014
99 1014
100 1014
1 1015
2 1015
3 1015
4 1015
5 1015
6 1015
7 1015
8 1015
9 1015
10 1015
11 1015
12 1015
13 1015
14 1015
15 1015
16 1015
17 1015
18 1015
19 1015
20 1015
21 1015
22 1015
23 1015
24 1015
25 1015
26 1015
27 1015
28 1015
29 1015
30 1015
31 1015
32 1015
33 1015
34 1015
35 1015
36 1015
37 1015
38 1015
39 1015
40 1015
41 1015
42 1015
43 1015
44 1015
45 1015
46 1015
47 1015
48 1015
49 1015
50 1015
51 1015
52 1015
53 1015
54 1015
55 1015
56 1015
57 1015
58 1015
59 1015
60 1015
61 1015
62 1015
63 1015
64 1015
65 1015
66 1015
67 1015
68 1015
69 1015
70 1015
71 1015
72 1015
73 1015
74 1015
75 1015
76 1015
77 1015
78 1015
79 1015
80 1015
81 1015
82 1015
83 1015
84 1015
85 1015
86 1015
87 1015
88 1015
89 1015
90 1015
91 1015
92 1015
93 1015
94 1015
95 1015
96 1015
97 1015
98 1015
99 1015
100 1015
1 1016
2 1016
3 1016
4 1016
5 1016
6 1016
7 1016
8 1016
9 1016
10 1016
11 1016
12 1016
13 1016
14 1016
15 1016
16 1016
17 1016
18 1016
19 1016
20 1016
21 1016
22 1016
23 1016
24 1016
25 1016
26 1016
27 1016
28 1016
29 1016
30 1016
31 1016
32 1016
33 1016
34 1016
35 1016
36 1016
37 1016
38 1016
39 1016
40 1016
41 1016
42 1016
43 1016
44 1016
45 1016
46 1016
47 1016
48 1016
49 1016
50 1016
51 1016
52 1016
53 1016
54 1016
55 1016
56 1016
57 1016
58 1016
59 1016
60 1016
61 1016
62 1016
63 1016
64 1016
65 1016
66 1016
67 1016
68 1016
69 1016
70 1016
71 1016
72 1016
73 1016
74 1016
75 1016
76 1016
77 1016
78 1016
79 1016
80 1016
81 1016
82 1016
83 1016
84 1016
85 1016
86 1016
87 1016
88 1016
89 1016
90 1016
91 1016
92 1016
93 1016
94 1016
95 1016
96 1016
97 1016
98 1016
99 1016
100 1016
1 1017
2 1017
3 1017
4 1017
5 1017
6 1017
7 1017
8 1017
9 1017
10 1017
11 1017
12 1017
13 1017
14 1017
15 1017
16 1017
17 1017
18 1017
19 1017
20 1017
21 1017
22 1017
23 1017
24 1017
25 1017
26 1017
27 1017
28 1017
29 1017
30 1017
31 1017
32 1017
33 1017
34 1017
35 1017
36 1017
37 1017
38 1017
39 1017
40 1017
41 1017
42 1017
43 1017
44 1017
45 1017
46 1017
47 1017
48 1017
49 1017
50 1017
51 1017
52 1017
53 1017
54 1017
55 1017
56 1017
57 1017
58 1017
59 1017
60 1017
61 1017
62 1017
63 1017
64 1017
65 1017
66 1017
67 1017
68 1017
69 1017
70 1017
71 1017
72 1017
73 1017
74 1017
75 1017
76 1017
77 1017
78 1017
79 1017
80 1017
81 1017
82 1017
83 1017
84 1017
85 1017
86 1017
87 1017
88 1017
89 1017
90 1017
91 1017
92 1017
93 1017
94 1017
95 1017
96 1017
97 1017
98 1017
99 1017
100 1017
1 1018
2 1018
3 1018
4 1018
5 1018
6 1018
7 1018
8 1018
9 1018
10 1018
11 1018
12 1018
13 1018
14 1018
15 1018
16 1018
17 1018
18 1018
19 1018
20 1018
21 1018
22 1018
23 1018
24 1018
25 1018
26 1018
27 1018
28 1018
29 1018
30 1018
31 1018
32 1018
33 1018
34 1018
35 1018
36 1018
37 1018
38 1018
39 1018
40 1018
41 1018
42 1018
43 1018
44 1018
45 1018
46 1018
47 1018
48 1018
49 1018
50 1018
51 1018
52 1018
53 1018
54 1018
55 1018
56 1018
57 1018
58 1018
59 1018
60 1018
61 1018
62 1018
63 1018
64 1018
65 1018
66 1018
67 1018
68 1018
69 1018
70 1018
71 1018
72 1018
73 1018
74 1018
75 1018
76 1018
77 1018
78 1018
79 1018
80 1018
81 1018
82 1018
83 1018
84 1018
85 1018
86 1018
87 1018
88 1018
89 1018
90 1018
91 1018
92 1018
93 1018
94 1018
95 1018
96 1018
97 1018
98 1018
99 1018
100 1018
1 1019
2 1019
3 1019
4 1019
5 1019
6 1019
7 1019
8 1019
9 1019
10 1019
11 1019
12 1019
13 1019
14 1019
15 1019
16 1019
17 1019
18 1019
19 1019
20 1019
21 1019
22 1019
23 1019
24 1019
25 1019
26 1019
27 1019
28 1019
29 1019
30 1019
31 1019
32 1019
33 1019
34 1019
35 1019
36 1019
37 1019
38 1019
39 1019
40 1019
41 1019
42 1019
43 1019
44 1019
45 1019
46 1019
47 1019
48 1019
49 1019
50 1019
51 1019
52 1019
53 1019
54 1019
55 1019
56 1019
57 1019
58 1019
59 1019
60 1019
61 1019
62 1019
63 1019
64 1019
65 1019
66 1019
67 1019
68 1019
69 1019
70 1019
71 1019
72 1019
73 1019
74 1019
75 1019
76 1019
77 1019
78 1019
79 1019
80 1019
81 1019
82 1019
83 1019
84 1019
85 1019
86 1019
87 1019
88 1019
89 1019
90 1019
91 1019
92 1019
93 1019
94 1019
95 1019
96 1019
97 1019
98 1019
99 1019
100 1019
1 1020
2 1020
3 1020
4 1020
5 1020
6 1020
7 1020
8 1020
9 1020
10 1020
11 1020
12 1020
13 1020
14 1020
15 1020
16 1020
17 1020
18 1020
19 1020
20 1020
21 1020
22 1020
23 1020
24 1020
25 1020
26 1020
27 1020
28 1020
29 1020
30 1020
31 1020
32 1020
33 1020
34 1020
35 1020
36 1020
37 1020
38 1020
39 1020
40 1020
41 1020
42 1020
43 1020
44 1020
45 1020
46 1020
47 1020
48 1020
49 1020
50 1020
51 1020
52 1020
53 1020
54 1020
55 1020
56 1020
57 1020
58 1020
59 1020
60 1020
61 1020
62 1020
63 1020
64 1020
65 1020
66 1020
67 1020
68 1020
69 1020
70 1020
71 1020
72 1020
73 1020
74 1020
75 1020
76 1020
77 1020
78 1020
79 1020
80 1020
81 1020
82 1020
83 1020
84 1020
85 1020
86 1020
87 1020
88 1020
89 1020
90 1020
91 1020
92 1020
93 1020
94 1020
95 1020
96 1020
97 1020
98 1020
99 1020
100 1020
